>> A

A =

   -0.0020    2.0000    2.0000
    1.0000    0.7813         0
    3.9960    5.5625    4.0000

>> B

B =

    0.4000
    1.3816
    7.4178

>> SolveLinearEqu(A,B)
iter 1
	exchange row 3 1
	exchange col 2 1

T =

    5.5625    3.9960    4.0000    7.4178
    0.7813    1.0000         0    1.3816
    2.0000   -0.0020    2.0000    0.4000


T =

    5.5625    3.9960    4.0000    7.4178
         0    0.4388   -0.5618    0.3398
         0   -1.4388    0.5618   -2.2671

iter 2
	exchange row 3 2
	exchange col 2 2

T =

    5.5625    3.9960    4.0000    7.4178
         0   -1.4388    0.5618   -2.2671
         0    0.4388   -0.5618    0.3398


T =

    5.5625    3.9960    4.0000    7.4178
         0   -1.4388    0.5618   -2.2671
         0    0.0000   -0.3905   -0.3516

solve
s=-0.351591
X[3]=-0.351591/-0.390472=0.900423
s=-2.26707-0.561798*0.900423
X[2]=-2.77293/-1.43876=1.9273
s=7.4178-3.996*1.9273-4*0.900423
X[1]=-3.88538/5.5625=-0.698496
交换会原来顺序

ans =

    1.9273
   -0.6985
    0.9004